5 21 17 19 13 11 2 14 12 6 9 18 20 10 3 1 22 16 7 15 8 4 
TiempoGreedy:	0.00014734268188476562
CosteGreedy:	12138
3 11 16 20 17 9 1 13 5 18 21 19 7 2 12 22 10 14 6 8 4 15 
TiempoBL:	0.09597182273864746
CosteBL:	7172
15 2 21 8 16 1 7 18 14 13 5 17 6 11 3 4 20 19 9 22 10 12 
Mejor:	6156
