22 18 19 11 16 21 13 20 6 3 9 8 1 10 7 15 4 2 12 14 17 5 
TiempoGreedy:	5.7697296142578125e-05
CosteGreedy:	13280
20 22 4 8 13 15 6 16 10 17 5 7 18 21 19 3 1 9 14 12 2 11 
TiempoBL:	0.08768963813781738
CosteBL:	6958
10 19 3 1 20 2 6 4 7 8 17 12 11 15 21 13 9 5 22 14 18 16 
Mejor:	6194
