1 5 20 18 19 8 17 21 22 10 12 3 23 6 9 7 15 2 16 24 13 11 14 4 25 
TiempoGreedy:	6.604194641113281e-05
CosteGreedy:	20414
2 1 8 22 7 6 15 11 14 4 13 3 24 9 12 17 20 10 25 23 19 18 5 16 21 
TiempoBL:	0.12939858436584473
CosteBL:	5468
25 12 5 3 18 4 16 8 20 10 14 6 15 23 24 19 13 1 21 11 17 2 22 7 9 
Mejor:	3796
