13 18 10 17 22 9 15 12 11 14 4 19 7 20 16 5 21 2 3 8 6 1 
TiempoGreedy:	5.793571472167969e-05
CosteGreedy:	13510
6 17 8 18 15 9 12 10 11 13 5 19 7 4 16 20 21 2 3 22 14 1 
TiempoBL:	0.0748298168182373
CosteBL:	7374
10 19 3 1 20 2 6 4 7 8 17 12 11 15 21 13 9 5 22 14 18 16 
Mejor:	6194
