16 7 15 22 1 10 19 21 11 14 6 9 5 8 20 18 3 12 4 13 2 17 
TiempoGreedy:	5.745887756347656e-05
CosteGreedy:	17914
7 1 9 16 21 6 11 12 18 2 20 13 17 5 3 15 22 4 14 19 10 8 
TiempoBL:	0.08323836326599121
CosteBL:	6780
15 2 21 8 16 1 7 18 14 13 5 17 6 11 3 4 20 19 9 22 10 12 
Mejor:	6156
