80 87 79 77 75 73 71 69 66 94 53 47 36 88 43 113 35 33 31 5 81 51 48 42 40 111 64 62 28 16 14 128 127 126 125 124 123 122 121 120 119 118 117 116 115 114 112 110 109 108 107 106 105 104 103 102 101 100 99 98 97 96 95 93 92 91 90 89 86 85 84 83 82 78 76 74 72 70 68 67 65 63 61 60 59 58 57 56 55 54 52 50 49 46 45 44 41 39 38 37 34 32 30 29 27 26 25 24 23 22 21 20 19 18 17 15 13 12 11 10 9 8 7 6 4 3 2 1 
TiempoGreedy:	0.00028824806213378906
CosteGreedy:	224
65 86 56 82 49 73 96 69 91 94 88 124 36 79 43 80 14 33 31 5 81 87 107 47 40 111 64 51 28 16 121 128 122 19 114 113 126 127 123 120 119 118 117 116 115 125 106 112 109 108 48 110 42 104 103 102 101 75 99 98 97 77 95 93 92 100 90 89 4 85 84 83 66 78 76 74 72 70 68 67 58 63 61 60 59 62 57 105 55 54 52 50 35 41 45 44 46 39 38 37 34 32 30 29 27 26 25 24 23 22 21 20 53 18 17 15 13 12 11 10 9 8 7 6 71 3 2 1 
TiempoBL:	10.028767108917236
CosteBL:	78
80 75 66 79 71 73 77 69 20 6 49 25 115 81 122 119 85 91 32 28 48 87 9 5 123 126 16 26 47 94 120 92 43 2 11 72 12 27 128 46 62 57 21 86 30 58 98 10 125 78 116 45 84 70 41 54 106 99 38 18 52 34 7 105 36 110 35 63 31 90 33 111 55 60 96 23 83 117 8 82 67 29 114 97 51 108 76 113 101 124 14 65 53 88 107 59 40 44 127 37 42 24 112 104 64 74 15 17 95 19 50 13 4 102 103 39 56 68 109 118 100 121 1 93 3 61 89 22 
Mejor:	64
