128 127 126 125 20 124 123 122 121 120 119 118 117 31 116 30 115 114 113 112 111 110 109 108 107 106 105 29 104 103 19 102 18 101 17 13 100 99 98 25 97 24 15 96 95 94 12 23 93 92 22 91 11 90 89 88 87 86 85 84 83 28 82 27 81 9 80 79 8 78 7 77 6 76 5 75 4 74 3 1 21 73 72 71 70 69 2 14 68 67 66 65 64 10 63 62 61 60 59 58 57 56 55 54 53 52 51 50 49 48 26 47 16 46 45 44 43 42 41 40 39 38 37 36 35 34 33 32 
TiempoGreedy:	0.0002892017364501953
CosteGreedy:	154
40 119 91 16 25 88 48 102 2 86 99 17 1 111 83 47 14 24 56 34 62 36 70 19 94 103 39 57 27 100 51 43 52 92 60 59 124 77 67 125 78 113 121 7 35 81 74 66 3 116 10 50 26 126 80 64 101 98 15 18 108 4 79 20 112 21 8 69 29 85 63 68 31 110 53 82 23 97 55 61 106 72 87 84 49 5 90 89 65 71 104 41 128 122 123 30 109 120 32 58 96 37 13 28 46 33 127 107 76 118 11 22 9 45 38 75 114 93 54 105 115 73 95 117 6 44 12 42 
TiempoBL:	9.786492824554443
CosteBL:	74
80 75 66 79 71 73 77 69 20 6 49 25 115 81 122 119 85 91 32 28 48 87 9 5 123 126 16 26 47 94 120 92 43 2 11 72 12 27 128 46 62 57 21 86 30 58 98 10 125 78 116 45 84 70 41 54 106 99 38 18 52 34 7 105 36 110 35 63 31 90 33 111 55 60 96 23 83 117 8 82 67 29 114 97 51 108 76 113 101 124 14 65 53 88 107 59 40 44 127 37 42 24 112 104 64 74 15 17 95 19 50 13 4 102 103 39 56 68 109 118 100 121 1 93 3 61 89 22 
Mejor:	64
