2 8 17 14 12 15 7 20 18 10 3 6 1 4 13 19 9 11 5 16 
TiempoGreedy:	5.14984130859375e-05
CosteGreedy:	7848
13 2 11 5 10 12 14 6 3 18 19 16 15 4 8 1 17 20 7 9 
TiempoBL:	0.0662074089050293
CosteBL:	6984
8 15 16 14 19 6 7 17 1 12 10 11 5 20 2 3 4 9 18 13 
Mejor:	6922
