13 1 11 14 19 12 7 2 17 10 18 5 15 4 6 20 3 9 16 8 
TiempoGreedy:	3.218650817871094e-05
CosteGreedy:	7512
20 17 7 11 1 14 12 5 6 19 10 18 16 15 3 13 4 9 2 8 
TiempoBL:	0.06675362586975098
CosteBL:	7070
8 15 16 14 19 6 7 17 1 12 10 11 5 20 2 3 4 9 18 13 
Mejor:	6922
