51 52 12 28 50 32 58 8 9 23 11 26 16 44 60 13 15 18 19 22 21 39 34 53 7 42 27 4 37 17 31 40 24 38 30 54 45 59 20 6 41 35 43 14 46 5 49 48 2 29 10 47 57 25 55 3 33 1 36 56 
TiempoGreedy:	0.0001842975616455078
CosteGreedy:	3218450
60 8 57 10 31 39 45 27 20 22 11 32 7 38 37 15 12 5 49 24 43 50 13 2 36 25 54 26 53 21 18 28 33 56 58 23 42 29 47 52 14 30 4 17 59 46 16 51 41 19 9 40 44 1 55 48 3 35 6 34 
TiempoBL:	1.9528398513793945
CosteBL:	3015158
1 2 3 4 5 6 7 8 9 10 11 12 13 14 15 16 17 18 19 20 21 22 23 24 25 26 27 28 29 30 31 32 33 34 35 36 37 38 39 40 41 42 43 44 45 46 47 48 49 50 51 52 53 54 55 56 57 58 59 60 
Mejor:	2520135
