57 13 69 20 16 4 60 32 49 62 42 61 40 14 15 31 2 18 19 41 21 7 63 17 43 75 24 79 37 78 36 64 67 54 65 5 68 38 39 27 34 8 50 6 25 22 47 46 28 58 1 35 71 44 59 77 26 3 45 76 12 74 23 70 56 30 29 33 55 73 72 10 11 66 80 48 52 53 9 51 
TiempoGreedy:	0.00026679039001464844
CosteGreedy:	10037083
24 27 73 45 52 63 51 46 80 74 67 18 22 68 37 62 75 71 60 58 17 41 31 9 39 26 50 77 30 47 8 64 11 40 48 65 28 42 32 35 57 4 59 29 7 12 25 34 2 20 21 72 49 70 56 66 69 43 5 14 55 53 1 76 10 13 15 78 33 16 36 54 3 38 23 61 6 44 19 79 
TiempoBL:	3.4830944538116455
CosteBL:	9496044
1 2 3 4 5 6 7 8 9 10 11 12 13 14 15 16 17 18 19 20 21 22 23 24 25 26 27 28 29 30 31 32 33 34 35 36 37 38 39 40 41 42 43 44 45 46 47 48 49 50 51 52 53 54 55 56 57 58 59 60 61 62 63 64 65 66 67 68 69 70 71 72 73 74 75 76 77 78 79 80 
Mejor:	7763962
