58 49 56 28 46 40 25 8 9 51 11 3 16 44 17 13 30 18 19 39 21 20 10 33 54 12 27 4 50 35 31 6 57 23 42 59 29 34 22 32 41 26 43 14 37 45 52 48 47 5 1 2 24 36 55 60 53 7 38 15 
TiempoGreedy:	0.0001780986785888672
CosteGreedy:	3220394
1 2 3 4 5 6 7 8 9 10 11 12 13 14 15 16 17 18 19 20 21 22 23 24 25 26 27 28 29 30 31 32 33 34 35 36 37 38 39 40 41 42 43 44 45 46 47 48 49 50 51 52 53 54 55 56 57 58 59 60 
TiempoBL:	1.839798927307129
CosteBL:	2520135
1 2 3 4 5 6 7 8 9 10 11 12 13 14 15 16 17 18 19 20 21 22 23 24 25 26 27 28 29 30 31 32 33 34 35 36 37 38 39 40 41 42 43 44 45 46 47 48 49 50 51 52 53 54 55 56 57 58 59 60 
Mejor:	2520135
