4 21 16 7 28 17 11 12 24 10 9 3 13 15 22 5 1 19 6 27 23 18 25 20 2 8 26 14 
TiempoGreedy:	7.462501525878906e-05
CosteGreedy:	6348
26 2 5 7 1 16 18 19 10 17 21 25 9 6 28 11 27 13 20 3 8 12 14 24 22 23 4 15 
TiempoBL:	0.1867372989654541
CosteBL:	5360
18 21 9 1 28 20 11 3 13 12 10 19 14 22 15 2 25 16 4 23 7 17 24 26 5 27 8 6 
Mejor:	5166
