78 33 7 55 66 41 51 1 58 18 37 21 36 94 95 77 72 43 20 49 39 23 60 52 64 38 2 34 79 90 8 62 19 14 46 56 47 25 59 70 83 73 22 100 98 75 32 68 30 71 42 92 40 61 26 16 31 54 69 12 17 89 63 4 57 85 96 67 82 45 88 53 84 48 5 81 9 24 11 10 44 97 28 74 99 86 50 13 76 27 65 15 35 6 93 80 91 29 87 3 
TiempoGreedy:	0.00037479400634765625
CosteGreedy:	172116
3 7 27 92 99 53 24 35 39 44 90 70 47 38 4 48 45 12 62 23 51 69 59 40 56 26 19 61 86 29 8 100 57 32 98 22 1 52 5 55 66 46 73 81 60 64 85 97 21 17 72 43 63 68 13 25 49 16 79 10 15 77 67 14 34 2 89 9 50 80 11 28 31 75 96 95 54 42 88 58 6 91 84 93 74 30 94 83 18 65 33 20 41 82 36 76 71 37 87 78 
TiempoBL:	11.722292423248291
CosteBL:	156022
65 83 11 33 71 97 1 78 37 18 39 5 13 55 74 95 25 63 79 91 27 80 54 94 75 31 43 14 77 6 88 62 16 52 4 22 32 34 57 15 60 9 86 98 96 89 19 49 2 28 42 59 68 8 93 56 81 82 84 87 10 24 40 67 85 30 73 51 69 20 58 70 66 100 26 47 99 46 64 90 45 50 12 72 61 38 92 36 53 41 3 35 21 29 23 48 44 7 76 17 
Mejor:	152002
