28 58 96 72 20 77 7 50 33 63 17 73 62 86 13 24 67 52 75 97 92 85 22 47 88 35 93 79 60 100 19 56 51 99 8 68 46 89 81 6 64 5 95 84 71 83 14 41 44 27 2 36 26 74 9 38 37 23 18 61 55 40 66 91 25 4 70 87 34 16 21 59 15 69 11 49 54 30 45 32 78 98 3 29 76 53 12 1 48 90 80 94 31 42 65 43 10 39 82 57 
TiempoGreedy:	0.000377655029296875
CosteGreedy:	170472
90 73 86 55 40 77 31 21 32 94 69 67 3 35 16 47 61 44 4 78 39 93 71 46 60 26 85 34 45 53 29 95 64 37 41 12 56 15 62 17 22 1 70 88 11 27 51 96 92 20 72 6 76 24 91 9 36 14 99 18 63 79 98 74 81 83 84 89 48 75 2 43 49 8 38 30 66 68 59 87 7 5 52 54 42 13 23 25 82 97 57 50 19 28 58 33 100 10 65 80 
TiempoBL:	13.61490249633789
CosteBL:	152342
78 59 64 42 31 40 58 15 90 73 17 75 98 19 55 10 52 30 43 86 27 48 70 46 88 24 38 6 66 2 22 1 14 41 11 37 50 8 79 61 39 34 44 56 47 83 35 60 93 69 67 36 26 91 9 95 74 71 68 16 62 82 45 76 84 49 25 85 7 21 53 18 12 72 87 89 5 100 29 3 94 20 4 81 23 51 65 99 57 32 92 63 96 33 28 13 54 77 80 97 
Mejor:	149036
