53 57 16 71 28 29 81 30 67 74 65 42 63 14 33 10 4 66 39 68 32 21 49 24 15 79 76 23 46 19 13 37 70 44 38 55 48 7 51 58 75 1 18 36 9 43 56 6 59 62 73 45 2 64 34 72 12 20 17 41 11 31 25 80 3 78 27 5 26 77 52 50 47 40 54 35 69 22 61 60 8 
TiempoGreedy:	0.0003447532653808594
CosteGreedy:	105828
47 22 43 10 80 71 55 29 40 53 24 63 73 59 5 27 25 8 54 75 13 32 1 62 45 68 72 77 58 52 37 51 11 2 64 46 23 79 42 18 34 26 20 12 60 69 35 56 15 19 16 14 17 74 65 49 33 21 3 70 44 57 66 67 4 41 7 6 36 81 76 28 30 38 61 39 50 31 78 48 9 
TiempoBL:	6.000838041305542
CosteBL:	92424
30 25 33 38 61 41 3 50 66 67 65 4 49 81 6 56 48 9 23 69 14 19 15 21 31 17 74 34 20 26 44 39 11 70 57 78 60 37 51 18 32 7 42 68 27 76 63 12 58 13 46 52 62 45 16 64 2 35 73 36 5 1 55 80 77 79 24 75 59 43 29 22 47 40 54 10 53 28 71 72 8 
Mejor:	90998
