42 53 65 17 68 48 38 81 45 16 61 57 31 14 25 3 59 43 30 58 22 78 28 24 63 69 67 5 6 8 62 21 15 55 76 44 32 35 19 74 60 12 46 34 52 29 73 37 23 72 39 71 1 75 36 47 2 40 49 80 79 50 13 54 11 18 9 20 77 33 4 56 51 10 41 27 70 66 26 64 7 
TiempoGreedy:	0.00029468536376953125
CosteGreedy:	108158
67 50 55 45 35 17 42 48 52 81 14 5 1 70 15 6 36 57 29 69 22 62 43 21 61 13 68 30 58 73 75 32 79 41 38 31 34 65 23 18 37 33 39 56 7 25 63 72 51 24 12 28 46 76 80 11 71 59 10 49 4 77 64 40 26 20 27 19 44 2 16 60 8 9 78 74 54 66 3 53 47 
TiempoBL:	6.552642583847046
CosteBL:	93940
30 25 33 38 61 41 3 50 66 67 65 4 49 81 6 56 48 9 23 69 14 19 15 21 31 17 74 34 20 26 44 39 11 70 57 78 60 37 51 18 32 7 42 68 27 76 63 12 58 13 46 52 62 45 16 64 2 35 73 36 5 1 55 80 77 79 24 75 59 43 29 22 47 40 54 10 53 28 71 72 8 
Mejor:	90998
