11 50 31 45 33 10 26 2 25 86 20 18 19 56 32 80 47 1 53 8 42 30 29 44 14 85 66 65 59 82 48 73 13 15 90 36 4 12 61 9 75 71 88 68 3 6 37 81 16 41 74 54 17 51 63 28 89 38 49 79 76 46 62 60 83 57 7 43 39 27 87 23 77 84 78 35 40 55 58 67 22 69 72 21 70 52 64 24 34 5 
TiempoGreedy:	0.000354766845703125
CosteGreedy:	131450
86 45 48 50 31 10 18 59 64 5 75 42 56 9 55 30 81 24 2 67 53 70 39 36 89 4 29 60 71 34 88 85 49 26 47 83 84 40 61 23 46 54 35 51 7 15 66 12 69 25 82 43 3 1 73 14 6 57 21 17 32 65 62 90 68 37 78 63 74 22 20 33 16 28 80 13 19 44 58 77 27 87 76 72 41 52 38 8 11 79 
TiempoBL:	8.689599990844727
CosteBL:	118248
86 27 9 88 76 41 52 38 79 8 48 59 75 84 16 44 40 61 58 25 50 30 49 80 57 66 63 74 43 82 71 69 15 3 7 19 78 13 17 53 23 36 12 37 28 51 6 14 77 29 34 56 70 65 83 47 54 4 1 2 31 60 10 89 90 26 81 73 21 64 22 45 55 68 85 35 32 62 87 42 11 18 46 20 33 72 39 67 24 5 
Mejor:	115534
