18 8 45 37 90 46 67 20 40 6 1 38 33 25 34 49 53 12 13 11 84 81 72 88 9 7 70 56 23 22 3 15 5 89 76 36 47 58 69 77 50 21 68 24 4 62 17 31 59 2 54 86 19 52 78 14 66 79 29 64 39 63 55 87 28 27 80 44 82 85 42 83 32 51 41 61 73 75 60 16 48 30 65 74 26 10 71 43 57 35 
TiempoGreedy:	0.0003085136413574219
CosteGreedy:	135404
24 45 39 20 10 32 33 27 53 42 46 18 73 89 81 6 35 60 67 5 26 90 4 84 1 47 70 21 29 2 8 72 85 3 66 37 68 40 11 64 54 49 28 80 65 19 7 36 77 82 58 38 83 78 13 63 15 57 17 69 56 30 55 51 14 12 16 44 79 71 75 87 9 88 62 52 76 61 23 22 48 50 86 74 41 43 31 59 25 34 
TiempoBL:	7.52649188041687
CosteBL:	118358
86 27 9 88 76 41 52 38 79 8 48 59 75 84 16 44 40 61 58 25 50 30 49 80 57 66 63 74 43 82 71 69 15 3 7 19 78 13 17 53 23 36 12 37 28 51 6 14 77 29 34 56 70 65 83 47 54 4 1 2 31 60 10 89 90 26 81 73 21 64 22 45 55 68 85 35 32 62 87 42 11 18 46 20 33 72 39 67 24 5 
Mejor:	115534
