21 3 39 57 17 40 51 23 22 20 37 1 30 44 98 4 12 58 19 34 78 18 64 79 94 73 56 60 83 67 62 96 36 77 85 99 93 82 52 38 8 71 45 54 76 97 92 49 11 10 53 63 27 7 55 33 15 66 47 84 87 43 68 61 24 80 74 100 90 70 6 29 69 81 26 41 16 75 25 14 13 86 46 88 9 91 59 5 2 95 28 50 72 31 42 65 32 89 35 48 
TiempoGreedy:	0.000347137451171875
CosteGreedy:	23936546
92 69 25 29 27 15 24 89 28 34 3 76 33 99 54 98 82 1 56 23 93 21 90 2 14 16 50 26 30 48 85 72 83 58 8 19 52 97 78 45 84 77 53 64 70 55 38 43 62 59 20 57 5 35 46 79 91 61 66 4 47 80 95 22 17 49 41 40 94 86 71 74 31 39 7 96 87 100 81 37 63 13 32 67 42 9 10 11 36 68 88 75 6 65 51 18 73 44 12 60 
TiempoBL:	7.7171924114227295
CosteBL:	21850342
17 63 58 71 77 25 48 6 1 29 4 12 65 9 18 44 99 69 79 81 46 80 35 59 3 74 97 28 15 55 24 76 45 75 34 33 78 19 20 73 95 36 52 98 5 23 92 88 54 27 83 86 43 87 60 61 84 2 100 39 49 21 7 53 96 67 91 47 32 16 10 41 66 85 13 72 90 40 93 31 38 68 57 37 30 8 89 26 11 22 56 14 70 51 42 50 62 64 94 82 
Mejor:	21052466
