12 51 46 35 49 98 89 33 42 72 71 45 57 63 58 95 40 83 61 16 75 30 23 65 39 26 18 97 7 47 55 84 82 78 48 70 56 2 64 32 10 24 1 74 13 86 3 81 91 4 87 62 53 99 93 67 44 15 21 68 41 66 94 73 36 9 25 76 92 54 29 34 43 31 27 17 38 22 96 80 19 5 85 20 6 8 11 79 28 50 88 59 60 69 77 14 37 90 52 100 
TiempoGreedy:	0.0004048347473144531
CosteGreedy:	1838134036
67 80 1 20 31 95 86 89 68 50 88 21 100 22 40 78 60 75 36 56 83 2 44 34 91 14 33 65 45 66 37 16 12 93 62 38 81 9 82 84 32 47 70 72 10 96 13 30 52 64 8 85 24 77 49 73 51 53 5 58 15 19 99 28 18 63 87 54 39 94 90 74 61 92 97 42 43 17 57 48 29 27 59 11 69 3 98 55 41 6 4 26 25 23 7 76 79 46 35 71 
TiempoBL:	12.22208285331726
CosteBL:	1277987724
85 37 27 81 65 70 50 45 82 48 66 26 94 29 72 95 1 86 99 30 32 53 79 5 19 15 89 80 31 33 68 11 6 77 61 28 43 20 57 41 24 3 78 76 98 54 21 51 87 58 100 39 84 60 64 38 12 36 17 35 44 14 91 92 49 93 75 8 13 69 9 73 90 7 10 74 2 18 71 52 96 34 67 46 25 63 62 42 47 40 97 59 4 83 55 22 56 23 16 88 
Mejor:	1185996137
