111 12 24 58 65 147 141 9 52 116 51 150 28 133 78 107 36 109 14 74 60 87 143 80 114 88 123 64 38 68 146 94 26 97 69 122 82 4 92 42 132 103 63 148 130 5 119 62 22 138 131 121 113 44 70 23 79 142 112 76 29 120 32 46 91 16 8 129 101 19 49 40 95 56 13 71 99 25 127 134 53 17 105 83 135 102 144 57 20 54 125 31 100 37 41 61 110 81 73 18 1 35 15 136 2 50 84 33 115 145 39 90 11 117 98 118 30 137 72 104 149 66 27 85 124 67 21 108 75 55 128 106 10 140 6 96 126 139 89 43 45 59 86 48 7 47 3 34 77 93 
TiempoGreedy:	0.0004963874816894531
CosteGreedy:	623469733
107 81 24 85 50 8 145 71 23 136 17 126 138 140 11 3 69 90 5 150 33 94 29 60 143 9 39 77 133 16 12 132 36 78 104 80 110 114 79 87 93 135 142 13 22 10 134 76 37 35 95 91 1 120 59 67 137 4 130 148 124 144 64 68 116 54 75 32 49 40 73 65 119 47 14 44 122 118 105 117 31 45 123 15 20 25 96 46 57 58 62 97 2 112 26 131 70 55 108 41 38 98 6 100 106 48 99 109 139 19 129 141 121 146 103 84 86 28 72 83 113 101 53 149 61 27 128 82 125 92 111 89 43 18 66 63 74 34 7 21 102 147 115 56 52 127 88 30 51 42 
TiempoBL:	46.1947546005249
CosteBL:	518517900
84 63 115 19 58 65 51 105 103 6 30 27 83 123 99 25 147 31 125 48 47 116 76 144 104 82 113 61 109 111 132 93 54 88 141 128 110 37 146 64 130 68 124 46 121 73 92 114 74 13 22 75 138 142 119 148 126 69 42 18 53 133 131 16 89 87 137 39 120 24 21 71 2 9 91 4 97 90 149 26 60 66 122 100 56 95 127 136 20 96 77 57 49 102 139 134 35 72 29 112 32 78 41 80 129 94 36 8 14 33 40 12 106 98 34 143 150 28 117 7 67 101 108 81 107 70 5 1 55 3 118 52 10 85 79 15 23 62 43 44 38 135 45 59 145 140 50 86 17 11 
Mejor:	498896643
