101 105 147 38 46 135 145 67 8 133 113 2 75 19 103 66 82 100 70 89 127 49 56 3 78 33 123 13 61 117 92 63 108 148 102 17 94 29 111 72 95 40 140 54 141 64 146 144 71 106 11 9 81 90 130 74 88 4 142 21 96 48 43 28 5 122 126 30 35 55 76 119 99 20 129 60 149 15 57 24 98 37 84 107 124 143 22 26 139 112 65 39 150 32 73 136 34 115 77 93 69 86 42 120 83 132 16 128 18 97 1 59 53 25 109 10 114 116 47 62 52 36 27 125 91 137 79 131 68 45 51 41 14 80 85 104 118 50 138 134 7 58 23 87 110 31 6 44 121 12 
TiempoGreedy:	0.0004878044128417969
CosteGreedy:	653315921
120 94 83 142 49 65 42 99 67 13 56 91 92 40 26 74 149 72 125 34 47 113 104 61 109 147 73 89 115 103 82 64 32 7 144 117 6 111 30 63 133 51 143 146 76 62 100 130 136 44 75 46 43 116 52 124 84 22 4 5 105 69 60 33 110 11 80 58 132 36 93 71 77 90 112 2 88 78 35 126 114 68 54 139 122 14 8 98 129 150 37 28 121 107 128 70 53 21 15 148 18 118 101 106 20 19 48 66 25 127 123 141 29 39 81 97 134 119 9 96 41 12 10 108 38 79 138 31 137 1 85 55 23 131 59 140 3 16 27 102 95 17 24 145 45 86 50 57 135 87 
TiempoBL:	32.31340789794922
CosteBL:	517267383
84 63 115 19 58 65 51 105 103 6 30 27 83 123 99 25 147 31 125 48 47 116 76 144 104 82 113 61 109 111 132 93 54 88 141 128 110 37 146 64 130 68 124 46 121 73 92 114 74 13 22 75 138 142 119 148 126 69 42 18 53 133 131 16 89 87 137 39 120 24 21 71 2 9 91 4 97 90 149 26 60 66 122 100 56 95 127 136 20 96 77 57 49 102 139 134 35 72 29 112 32 78 41 80 129 94 36 8 14 33 40 12 106 98 34 143 150 28 117 7 67 101 108 81 107 70 5 1 55 3 118 52 10 85 79 15 23 62 43 44 38 135 45 59 145 140 50 86 17 11 
Mejor:	498896643
