12 89 2 16 88 71 54 41 85 50 49 17 81 80 57 77 5 22 19 10 1 9 8 65 79 75 53 91 72 13 94 97 56 20 99 33 11 40 3 6 76 95 62 14 43 83 59 100 48 92 7 39 51 44 55 27 4 18 87 28 64 31 52 23 96 58 30 63 73 70 42 93 26 67 78 45 34 21 24 66 74 38 29 60 35 82 61 84 98 69 86 47 37 25 90 32 46 15 36 68 
TiempoGreedy:	0.0003261566162109375
CosteGreedy:	24041188
80 68 76 22 86 65 67 75 9 63 84 7 38 17 19 5 23 95 89 69 41 72 57 4 79 42 77 10 58 54 26 60 25 24 99 34 11 48 3 6 8 94 1 14 83 40 59 100 71 96 43 53 74 33 12 92 97 18 2 20 13 31 29 85 37 88 91 70 73 27 81 93 39 62 50 45 30 56 55 47 51 21 87 49 15 52 82 35 61 78 36 44 66 98 16 32 46 90 28 64 
TiempoBL:	7.44586968421936
CosteBL:	21907238
17 63 58 71 77 25 48 6 1 29 4 12 65 9 18 44 99 69 79 81 46 80 35 59 3 74 97 28 15 55 24 76 45 75 34 33 78 19 20 73 95 36 52 98 5 23 92 88 54 27 83 86 43 87 60 61 84 2 100 39 49 21 7 53 96 67 91 47 32 16 10 41 66 85 13 72 90 40 93 31 38 68 57 37 30 8 89 26 11 22 56 14 70 51 42 50 62 64 94 82 
Mejor:	21052466
