43 38 47 50 82 85 29 86 66 41 87 1 45 96 58 20 76 27 81 84 59 78 23 42 67 26 75 89 71 22 74 40 8 72 4 65 97 77 25 17 61 9 73 57 12 3 30 35 5 90 2 99 53 70 31 37 13 15 92 93 19 52 14 39 24 62 56 60 94 36 11 10 64 44 21 68 95 34 88 80 48 33 18 32 83 46 51 91 7 98 49 69 55 63 16 79 28 6 54 100 
TiempoGreedy:	0.0004019737243652344
CosteGreedy:	1574846615
1 50 48 95 31 80 86 89 68 94 27 81 17 29 39 15 19 88 53 67 8 14 35 75 73 54 33 70 45 82 37 58 6 100 51 57 76 11 43 28 77 21 41 47 49 78 20 3 87 61 98 99 74 85 18 66 56 65 44 46 10 34 36 92 5 7 2 60 26 64 90 93 69 13 63 32 84 42 52 30 96 38 59 12 97 23 79 4 91 40 24 16 62 22 55 83 25 72 9 71 
TiempoBL:	13.932044267654419
CosteBL:	1243941614
85 37 27 81 65 70 50 45 82 48 66 26 94 29 72 95 1 86 99 30 32 53 79 5 19 15 89 80 31 33 68 11 6 77 61 28 43 20 57 41 24 3 78 76 98 54 21 51 87 58 100 39 84 60 64 38 12 36 17 35 44 14 91 92 49 93 75 8 13 69 9 73 90 7 10 74 2 18 71 52 96 34 67 46 25 63 62 42 47 40 97 59 4 83 55 22 56 23 16 88 
Mejor:	1185996137
