73 5 20 38 128 84 78 71 2 57 147 64 17 15 85 142 23 70 53 129 133 68 16 125 32 67 113 10 106 98 124 83 50 52 49 104 58 139 140 122 111 87 27 6 77 127 24 91 108 117 19 63 61 76 8 145 44 82 4 34 26 105 97 11 55 40 150 131 114 90 121 42 109 12 81 120 116 110 144 35 132 48 66 28 80 146 134 31 135 75 149 107 51 126 95 141 103 138 1 30 39 37 92 33 47 21 115 86 56 59 143 89 123 88 94 3 54 79 36 18 7 60 72 25 101 46 13 130 14 148 43 118 69 65 112 102 137 62 29 96 45 100 22 74 93 41 119 99 136 9 
TiempoGreedy:	0.0004832744598388672
CosteGreedy:	9527466
98 62 32 124 78 118 116 21 128 109 69 51 73 6 112 47 68 119 29 31 105 59 14 13 96 71 86 20 147 102 16 97 44 125 113 110 146 90 139 64 123 38 148 36 7 50 111 61 30 132 140 134 144 143 48 55 91 11 77 26 18 150 66 104 76 56 101 131 19 39 108 52 141 137 33 84 79 100 89 138 41 67 75 49 53 57 126 103 23 74 70 46 8 135 130 122 28 145 58 35 95 1 129 27 81 127 121 12 149 80 54 40 117 37 114 88 63 82 115 5 9 72 83 136 3 24 10 92 2 107 94 42 43 22 60 142 65 34 106 45 15 25 4 87 133 93 120 17 99 85 
TiempoBL:	39.61763310432434
CosteBL:	8357524
99 107 68 47 142 138 2 114 150 74 4 84 126 147 16 87 105 76 95 139 30 33 80 31 61 5 9 100 134 26 146 90 97 120 108 65 20 122 78 52 127 72 104 43 39 42 60 35 117 8 94 96 109 40 36 83 141 71 34 15 41 137 73 63 11 57 132 18 110 115 50 28 3 140 25 81 7 24 55 54 17 32 128 102 136 59 77 88 116 69 131 62 91 103 111 64 58 135 46 101 51 149 23 56 44 143 92 21 93 13 12 45 144 67 10 19 119 145 89 106 130 113 49 29 133 79 75 123 6 112 66 82 48 98 38 118 1 27 125 22 86 121 85 37 129 70 124 14 148 53 
Mejor:	8133398
