13 5 40 2 38 21 33 23 24 30 37 18 4 27 19 22 9 1 8 36 3 12 15 35 16 17 11 14 26 20 39 29 28 34 31 32 6 7 10 25 
TiempoGreedy:	0.00011444091796875
CosteGreedy:	338210
19 23 26 38 5 37 28 4 24 30 27 13 16 39 33 18 7 21 1 6 22 14 2 35 34 17 31 15 20 11 10 29 3 40 8 32 9 12 36 25 
TiempoBL:	0.5119554996490479
CosteBL:	254682
40 2 19 23 24 7 34 3 39 14 20 15 1 10 11 17 18 28 33 16 30 6 12 36 9 4 22 32 21 8 29 25 38 37 5 13 26 27 35 31 
Mejor:	240516
