18 4 21 13 2 37 38 19 17 39 27 22 1 28 23 25 26 12 15 30 6 16 8 9 40 29 14 33 32 10 35 36 7 34 24 20 11 5 31 3 
TiempoGreedy:	0.00011539459228515625
CosteGreedy:	312934
26 5 37 28 35 18 4 38 19 13 32 33 22 6 9 7 24 23 30 16 2 1 14 39 3 21 27 8 10 15 40 20 36 25 34 17 29 11 12 31 
TiempoBL:	0.7154321670532227
CosteBL:	249510
40 2 19 23 24 7 34 3 39 14 20 15 1 10 11 17 18 28 33 16 30 6 12 36 9 4 22 32 21 8 29 25 38 37 5 13 26 27 35 31 
Mejor:	240516
