92 32 66 84 34 72 35 10 29 50 62 40 43 77 2 80 67 81 88 63 89 31 41 73 37 83 76 3 8 28 60 70 17 27 54 38 26 98 20 78 55 23 75 13 90 47 44 53 51 16 7 95 12 93 61 45 69 22 49 24 14 36 52 79 96 5 56 18 74 6 21 4 91 59 99 39 11 58 71 30 87 65 97 46 86 19 82 42 64 48 15 57 9 100 68 25 85 94 1 33 
TiempoGreedy:	0.00032901763916015625
CosteGreedy:	293152
33 55 31 72 48 34 78 92 66 50 63 23 3 53 36 97 18 70 14 89 24 83 37 49 43 67 47 25 82 7 32 52 75 90 61 99 38 20 19 65 64 39 69 98 26 59 93 5 81 58 29 45 27 13 79 44 12 46 11 94 87 28 73 56 54 85 96 91 86 84 35 10 71 76 22 17 2 42 8 40 88 77 4 80 51 16 41 6 21 60 15 1 9 68 100 30 62 95 74 57 
TiempoBL:	11.960509538650513
CosteBL:	275884
15 28 100 64 95 88 32 87 30 50 9 10 43 56 78 77 65 68 55 48 1 29 98 79 90 83 23 72 49 33 46 71 39 76 26 69 52 99 53 25 14 37 13 45 80 41 61 16 18 6 81 31 27 54 4 47 44 2 34 36 63 73 3 96 5 75 19 67 97 51 74 22 58 93 42 7 38 12 89 20 84 24 86 11 8 40 59 17 70 92 57 62 35 91 66 60 82 21 85 94 
Mejor:	273038
