27 13 15 30 37 36 21 40 34 26 25 23 47 45 43 39 3 16 35 7 48 19 24 49 41 32 44 11 5 33 20 50 6 38 10 4 28 8 12 22 1 14 9 29 31 17 42 18 2 46 
TiempoGreedy:	0.0001430511474609375
CosteGreedy:	54670
27 34 36 29 4 33 5 14 48 46 9 18 39 17 49 37 21 42 28 22 12 15 43 8 24 47 11 16 10 1 20 2 23 45 38 41 32 30 6 35 25 50 7 13 19 3 31 44 40 26 
TiempoBL:	1.4144163131713867
CosteBL:	49354
1 48 40 31 15 33 47 19 9 27 14 5 32 44 3 24 38 23 12 25 35 29 30 16 41 45 49 43 2 20 22 10 21 6 11 37 39 8 13 26 46 28 42 50 17 4 34 36 18 7 
Mejor:	48816
